
4.80219175389,3.71493021796,-3.32561119385
4.60843708873,3.24550104863,4.51376032213
-0.13899689622,3.82980695646,1.96297904586
1.53391579838,-0.628929649494,-2.12528290924
-0.775247103416,1.82233970317,4.99299211774
-1.79527225563,3.07787373943,1.99419964107
1.51641765499,3.10153267924,2.19626133381
B:-3.49991471248

-1.86793135989,-4.86913526818,1.28985247746
-4.58238479793,4.52782184644,-0.41050533733
-0.518202396273,-0.26256957082,-2.38114644802
-1.24529110177,0.457771064855,-2.53626195304
-1.83419907472,-0.467607493828,2.92900006538
-2.95598447509,4.89016041858,-1.84399024535
3.24139399918,-4.59257314379,0.522571156134
B:0.468040726852

1.65449730757,-2.64755498936,-0.181320042367
-4.08251493777,-4.42617830109,2.84904971535
-2.37650350751,3.24760946325,-2.57097144022
1.27126562218,-4.50103267939,-1.17300157637
1.81151209609,-0.558778908913,-2.99556672653
-2.43384199059,-0.665817298747,1.94585572698
-2.01329526891,4.57351887088,1.13652044215
B:2.09283112156

-1.53164330736,1.315409789,4.87820865906
2.9891831062,2.92903165959,1.95883683092
2.57628035539,-0.93478866104,4.05966632569
-2.69605148743,1.43388269336,-2.94431345366
1.88468827644,-2.13421302364,-2.53229925869
-3.38752658895,0.00099236216231,1.05756473616
-3.53302628277,0.538388876685,1.32684440563
B:1.41038079075

1.19527435198,4.03991558163,3.8820597686
1.52905058606,3.46323767133,4.11875106192
0.592380086116,-1.54594610514,1.84222124891
4.50019286707,-0.240781963198,1.59070287491
1.12792817954,3.79157363272,3.27512333849
3.11473070297,1.26886219002,0.390697772587
-2.67721628719,2.01220347797,-3.96920562904
B:-3.77039558412

0.897643772106,0.694777558411,3.91269644096
3.29184581943,-2.56190698007,1.9964130845
2.00645043209,-1.19558042075,-3.53716251909
-3.7460581996,-0.294066001662,-2.07946690393
2.27356158194,-3.738343866,2.74952056409
-0.964613902639,1.60226976133,3.61539160393
1.94045784967,-4.96816816548,-4.15379895927
B:-0.35252839354

1.75697923343,-2.8643331134,-2.2271784945
2.16492300716,2.7606014447,2.85205177887
4.2601839041,1.74317746722,0.0124390893102
-0.990734069618,1.82226953731,2.60038876488
-4.76919629049,-2.69012413041,3.9363342162
-1.97036563715,1.06097554825,-1.87780442493
3.06651103305,-1.06910562457,3.5855195734
B:-0.758396687229

-3.84505249878,-2.83797887989,3.81435049591
-0.254928045827,-4.32443246705,-0.489910191497
-3.81887349292,-0.183705547954,2.47817444955
3.71265047349,-3.40881278731,3.28657528194
-2.35372763034,0.989355170854,3.7611038964
-2.04547608824,-2.83928695606,-3.64719870224
1.52683092382,4.24570023475,-1.77808891254
B:4.27670473141

-0.491677659846,4.71950321499,-3.80995381974
0.391144139555,-4.13301879875,4.26037129433
-4.66472627244,1.63218839027,4.04242665502
3.00782522703,2.11701951224,2.81249245731
3.36304331735,3.96803167356,-1.15290377964
-0.955433025986,3.43870093419,-1.87632531512
4.6612673737,-0.951271980426,4.79236148804
B:-2.10863956387

-3.16863213842,3.92383295046,0.358170799038
0.822331293397,-3.49527245662,0.0861700152887
2.78899999493,-1.77203654379,1.56022842997
-1.95186852508,-1.1914385047,1.30910435798
-3.45298311544,-1.40283601942,-1.36205578412
-1.65043576176,0.488204741424,-3.77933367787
3.87739667208,2.96019282917,4.89614984391
B:-3.50754274792

-0.786618810584,-4.97767110326,3.01268783235
2.03087759205,4.53847864784,-1.46950978295
0.51857359692,1.1717972385,2.90272406118
4.87826824494,-2.78620137331,1.70555914132
-4.33668421211,-4.5911072791,2.59995697908
-0.722946232427,4.27411136392,2.28391808291
-4.5354756817,1.6124501421,3.52504526641
B:2.3386779065

3.56075094128,0.524033075004,-1.77585576322
-2.66179162268,2.99691035327,-3.54620448016
1.02011290209,-2.1119346976,-4.95196931049
-0.782696240937,2.49386959147,-1.91327971749
-3.67426964436,-0.546125300145,-3.47645896274
-4.58439478559,-3.34013184685,-0.712064237594
-3.20018937383,-1.99847557656,-0.384314942145
B:4.47310072207

0.153097310763,-0.70267255374,4.91271653926
-2.40180739559,-2.75562062352,-0.11473770718
0.399509747013,0.642674923724,-3.08983508906
-2.13071343118,1.72667253191,4.33769236714
-4.60411066542,-3.73439255238,0.659562849753
4.73727705717,-4.18283744808,-1.39687365341
-0.406238090906,2.80713341203,-4.84234847715
B:-4.24033497151

3.91265633042,0.050359169694,2.07381306812
-1.11460919478,-4.59696607607,0.241441440601
-1.62108383791,4.50344463439,2.49628289183
3.51946170865,-3.24441380868,-1.77408705504
-1.19302695599,-0.259272678957,-3.66738399345
0.941973944931,1.56741504061,0.57337324714
0.582705028033,0.110993129633,1.99352095544
B:4.74022990382

3.79447227235,-0.770190382887,-1.64987539061
-0.805322962546,-3.67308144659,-2.2362408386
-3.51658014126,-1.88450247969,4.24134345257
-0.403110244042,-2.77580108249,2.32948477627
-3.18712942421,-1.93745325085,-1.63960285419
3.93646979238,4.44519914875,-2.0225622985
-2.64771066031,-3.23569375875,2.86721420905
B:-0.863238310742

2.8127204167,-0.500242488667,1.41150739925
3.70677088822,-2.34231229586,4.34111247121
-1.76404651478,-4.7679225489,-2.1956391249
1.73347212867,-1.05179803083,4.26314084257
2.79622914863,1.42807217311,3.76301719318
-0.766030218348,-4.97019957129,-4.25724250371
3.97911741763,-4.3908899741,-0.194578161429
B:-2.31627394562

4.36178673795,1.27206969376,3.42552302085
-0.595830333064,-4.25149157747,3.2438915656
0.110732600011,3.90619792092,2.50062789758
0.243325106053,-3.4301012827,1.62021868197
-3.90126983529,2.52797901094,1.6499845917
-4.87092551766,-1.58650188249,-2.2967342944
-1.90056808558,0.425420928206,-4.92394338615
B:-0.700522810065

2.2419113905,-2.97667267905,-4.04161798749
-1.75144493634,1.50295490431,3.90411066993
3.70456897121,3.6260291901,-0.0221142681153
-2.49618909379,-1.47950657042,-0.286066941258
-0.877301643539,1.8026939322,-3.73383599444
1.35318958105,1.0317365496,4.52546436798
-1.61804697403,1.21363083954,-3.24291954945
B:-3.59763275611

4.27488534496,3.55909569183,1.15729396608
-4.34813590375,-2.43175157887,-1.0014463205
1.60046619887,0.45982322874,-4.718606941
-3.55746310496,-3.86125119662,1.325990467
-0.0990280584967,-1.92496358572,0.208831408761
-1.64075691824,3.30889239472,3.75264531423
-4.01366689982,2.04159985847,4.45371101081
B:-0.864502375652

4.43524545507,-1.76083599205,-2.51776265793
2.5053423093,2.59653484284,-2.34113692722
2.07096844616,2.46927614697,-0.107275824915
-0.1789878747,-3.3553050515,2.02541164349
0.135974716472,0.531002789013,3.7735447792
3.61359720401,-4.28862960137,-3.83520250098
2.93633994228,-2.36702143139,-1.68005085327
B:-3.09070398632

2.72668240912,-3.26141929289,-4.44483520677
-4.93042886604,0.12784759457,4.55122361333
1.56115795415,3.40219357307,4.64198085638
-1.76872939253,-2.28996246022,-4.24923266067
2.72183817003,-2.4207242046,0.872568114374
1.10277689983,-1.88098087756,-1.92268490232
-0.0471541316668,1.65558016804,-0.0428603037897
B:-2.88572796349


#

0.704863170568
4.47676455571
2.06535407802
-0.455506376554
4.81542809213
1.0202787759
0.587864158189
2.35446602836
0.74814809606
-0.687106872986
-1.05960281479
-1.66145128784
1.22430461471
-1.29610678251
3.14849261332
1.61104489008
-2.57273881354
4.59921854473
-3.66699674653
3.16628209853
-3.25103184494
B:0.816598846851

-4.1407983393
-3.87483001948
0.299911789518
2.56044525481
0.728041828585
-3.34761562893
2.42955112551
-1.64541498009
-4.97796837438
-2.24316143756
-2.02037099168
-3.06520206066
1.61504828507
2.76061670953
1.30970871479
-1.08959718596
3.75903118762
3.30408748175
-3.86368997895
-3.44296721493
-0.131002977634
B:1.3047522367

2.78401970063
-4.88972415074
0.37688573223
-3.43537995215
3.45504805017
0.0830817316524
-2.10286263457
-3.8956453135
1.94484381491
4.5405186957
4.68448967929
-1.6580979341
2.72306136169
0.21021260714
-0.36895778775
4.82749065024
0.523979542457
-2.27492227212
-1.58869137518
-2.27550568036
-0.357745101663
B:-3.4965185883

0.885012994011
2.12401641436
3.51340348203
-3.75857248806
-3.05323573583
-2.33654798074
-0.951778266885
1.10883950255
-1.27902085775
4.79009232135
1.75960599574
4.41916725486
0.366461652906
0.794170744185
-1.23404597329
2.68086652526
3.20336576865
1.85973431473
-2.98842293723
0.315169625288
2.40585220502
B:-0.117733564402

-1.14998420122
-1.2575511635
1.10256900143
4.23621242946
4.08345018441
-1.68540691821
3.04038166242
1.44354649969
-0.339098377936
-0.509788518902
4.66596879353
4.70608717466
-4.93441184147
-4.93156960663
4.85945681124
3.68343852806
0.784375498301
-4.48171006607
0.595375542306
-1.74178928424
-4.91817334003
B:-0.779750343561

-2.76346555079
2.45983987079
-4.97563449685
0.863089186531
2.94088865062
2.39487347898
-1.80061685616
2.23067542153
3.39613890381
4.76887323937
4.41635684116
-2.74933580192
1.84925505136
1.8480637697
-3.66779002077
2.52555867414
-4.09402482309
-1.32135609746
-2.99770300074
3.86142909173
4.82428569173
B:-4.22741642882

0.7425612443
1.8775097467
0.651294090084
0.963562748835
-1.59946048052
4.00399674063
3.89822346277
-3.24523841093
-4.10852717053
1.9659715489
1.81431976807
0.154522623916
3.11758245777
-4.74437266578
1.21942994252
-0.346649028803
-2.91971909081
3.98437912942
3.14072979489
2.6280016199
2.93354857803
B:-1.97433250411

-0.471158723651
-4.93133303758
0.410607961041
0.130895066846
3.16699579566
-3.52675996335
3.96435732566
1.74749433929
-2.88482639432
-0.838988674081
-4.14388975577
-2.07525965122
-3.27765663169
2.56611792822
2.0517890363
3.36577585743
-3.75660109102
0.856997344875
1.35023992448
0.244853574078
-3.03987400088
B:-0.329718645394

1.26867656211
3.48377702119
-2.7564950227
-3.79048297694
-4.50409975576
-3.73370163057
-0.535759948853
-1.18014086724
4.93567499877
-2.47186724616
3.19669833461
-4.61799316679
0.482979042897
-1.80690207059
-0.0318787330222
-4.63599986154
-1.66084694107
2.49671830819
4.19075276301
-4.74009605626
-2.32090619973
B:3.19127731609

-0.102687301638
-4.10427669188
-0.837533354427
2.66109975388
-4.75250728033
3.94503158323
-0.99773960707
-2.27869428311
-1.43254029002
-4.66548085722
-4.41486656981
1.52725435495
-1.44276779229
2.4137945935
4.60385347229
-2.76385119544
-3.8891984088
-0.0903701282508
4.16554109965
-2.94660700103
-1.44391617266
B:-3.48027217381

4.4273049808
3.65870251581
3.63402137288
-4.57638127816
-0.0487143310887
2.84035713061
-0.730443433377
-4.39535886194
-0.850882140852
1.55426634906
-3.13164720104
4.93441167583
0.548163331886
1.03500027087
-0.824636329293
1.70899881385
-4.06682357613
1.58918467993
-3.79806493671
-1.04804602872
-3.13575531095
B:-0.482766822219

-3.50883767819
-2.9776686018
3.51891014612
1.87906570146
-2.48088478394
-3.7435625763
-4.69179138628
4.69369532372
3.99076941818
0.880462053974
0.685899793533
2.93829523307
2.86421970835
3.60288080342
0.595576550941
-3.42029301844
-1.67612728885
-1.41511875883
4.17369952062
-2.4738077456
2.98257934353
B:2.05522479616

1.95165419987
0.219792151353
3.97870591161
4.18549220727
4.13844075323
-2.16172653542
-0.149882471987
-4.06521310417
-0.896507848535
-1.53610885785
0.621222567658
0.235722609429
3.03638192866
-0.397670970559
-0.938691582502
-2.62163018254
4.0793415443
1.6387997325
-1.51901699226
2.30059219581
0.856098801404
B:2.02035310908

0.21755452371
3.55346843311
4.53484500232
3.64749892334
-4.57632380532
-0.861260180501
0.773301764464
-1.5043847889
-3.73475235242
3.13394308808
-0.428818585621
-2.83162475062
-0.312868758085
3.96519150006
-1.04551787823
1.36888124471
2.74672252957
2.86760427925
3.29627456656
4.90434720475
2.0670567644
B:4.07351365765

-2.10115518046
-3.74962274022
1.3494157948
4.03746607172
-1.55750591703
3.45820645333
2.8986410555
-4.08115574409
1.19290969397
-3.37081133448
-1.49843776868
3.10250010545
0.432304825624
-3.2773302841
4.60126752429
-4.80382445027
-3.39147217907
4.84253857258
-1.36486966555
-0.184010631343
3.54321987774
B:0.174246883151

0.668940133605
0.617808891333
3.29917168384
3.39574949928
-0.381123637406
-3.71359291248
-3.73026843263
-0.667973214796
-1.4086717868
2.49530125024
-3.89565507127
3.87350168917
-4.71011387072
-1.87484443441
-1.22366020037
-4.81781449834
1.75666730135
1.23779582727
-1.3234624103
4.61495554692
4.77252528732
B:1.52050411433

3.4869413079
0.970247516811
-2.74773513996
2.13738204447
-1.27293794786
-1.1143986407
-1.93850631452
3.07288846723
-3.15522766657
-0.722269038955
3.45538899751
0.278010000628
2.93523344279
1.97424341493
-4.75447693871
1.53716080064
-1.31327426098
1.97252015753
-2.96078458087
-2.29106223136
-2.03423539035
B:-3.69292761966

3.40892462438
0.0816529356201
1.64123421857
4.88026667968
1.46009747701
-4.48969751273
-1.58751762758
-0.0944183920445
0.791152663411
0.613890220361
-2.6544052858
-4.16715132045
-3.33551875734
-1.6365590659
-3.6742248618
4.0066710107
3.44065220011
-2.35405868258
-1.31518571487
-0.520538003379
-3.91765029064
B:1.7741769146

-3.30703542442
2.24605593021
-2.97918361209
-1.08480771208
0.449724313034
-4.0605313882
-3.46279448717
-2.24661841574
2.14625405176
1.10876288456
4.34494573344
-1.81034968192
1.22103702674
0.162624364553
2.61423514455
-3.2190543506
1.04217034837
-1.00963375092
0.534949940338
2.88430323525
0.580632684523
B:0.669648081151

1.74133832844
2.55807484585
0.716005638953
-2.29792025123
4.87665742865
1.54967281904
1.11778674795
3.60292947953
3.10501185548
-2.80467845104
3.88629037594
-2.77717621648
4.50188512316
-4.85034421583
3.56397138344
3.47974043972
3.3570168096
-2.6286524521
0.056523242864
2.02607585472
-3.05668735678
B:-0.636694284122

-3.79305837123
-0.253176568298
2.23601662906
-4.93230697961
-3.53777543808
2.99187356456
3.43369060825
-1.40374298749
4.04893623997
-2.20027133786
-3.10993523823
-2.8194786503
3.8035221958
-0.255855616194
-1.71770256171
-3.57861961905
-3.39213634061
-4.58219117115
2.01812063011
3.03026342155
-4.74500059421
B:-0.889183929115

1.0983735818
1.80481915842
-3.01471692504
-1.78520073218
2.82037288195
0.342123042186
0.352576910329
-4.02180495104
-3.69140039604
2.30577708184
0.841271666086
-1.95621458646
-3.84747041484
-1.58167506469
2.07582863255
4.86547972255
-3.95354414861
-2.63538230721
-1.48459838435
3.9114490198
3.25849355478
B:-0.42531695017

-0.317392222956
-2.13995523433
1.98611586424
-2.2520320523
3.42443753819
4.27651426969
1.31790528338
0.73537625456
1.39818974356
-2.21145585179
3.95699098365
3.5634076627
-1.91396566796
4.62834136566
0.185966939364
2.11372172275
2.67365239813
-3.37755584664
-0.2795193546
-2.24980824678
-0.24708852696
B:1.26404884521

4.4104111453
0.68154524198
2.84601020963
2.18928777721
-1.59715032387
-0.0809024988347
3.47653390335
-4.93556426291
2.9232239121
1.13382228498
-3.84636147733
1.87463366049
-1.52216273395
-4.58599230434
-4.55957117478
4.2065777973
3.15525096787
-2.20724735605
1.30559647254
2.49439116543
-3.05676433423
B:2.09176436896

-3.4600142266
2.07544017401
0.772489205992
-0.385441349664
4.64176455521
-4.24990635701
-2.30145072291
1.07898797651
-0.506328670111
4.34800395031
-0.131761327965
1.32685164645
-1.13567681232
0.378027834365
0.344775890348
3.49817286201
-4.26488585609
2.84099515036
0.657941689865
-4.21879376282
0.96468448425
B:-1.92176456729

-2.50980347743
-2.7372124966
-2.59800081983
1.54352949127
4.76269144037
-3.26507987519
-2.50634337108
3.60159724774
1.54672526531
1.39104243754
-2.64096244762
1.90883328872
-0.448592802135
-1.02922048557
2.9499413059
-2.01467615303
-2.53644370626
-0.983128753557
0.0462114141433
4.7251404497
2.53358470835
B:-1.74466657637

4.57915541834
0.638838586453
-4.10703345749
1.95390031643
-0.411168245194
-3.29019971073
1.7750855222
-2.10766241057
-2.58655560829
2.46915115501
-4.52452936785
-2.76337129687
0.811273161349
-0.441166281007
2.1371408074
2.22797205749
1.82235292555
-4.6107437477
4.51012018673
-2.09478692866
-1.89852216573
B:1.33719621618

2.05658799587
-4.75193914876
3.09148048286
1.13071512854
2.64843389081
3.35568853202
1.51391044595
-3.73994837699
-3.57506563895
-4.35575182207
0.923290834402
0.461131262295
-4.6883453241
1.38266569492
-3.1139084735
-2.58788575895
4.15321229323
-2.41124250679
4.73493038904
-3.61807013157
-1.99934342138
B:0.238761828173

3.60734956502
2.19771342676
0.179751592987
3.00286345985
2.91917972172
0.803657800961
1.43150361999
-3.17375966853
-3.26909324288
2.44405010986
3.83150743187
2.16004441847
1.75321744771
-1.12492769071
3.34576508192
2.01115959958
3.8089398336
-4.56231931007
-3.29465175044
-0.664036699208
-1.28297071437
B:-4.94264952048

-0.0958339439896
-0.939688422718
-0.668055580935
1.29423499991
-4.56234655186
-0.668533664146
-3.9406636508
-3.0908059248
1.72391606548
3.06082401879
0.183636729003
4.41679085374
-0.0124516551191
-0.070852817611
0.0484008042909
2.87372797324
0.125677104242
-1.86065589527
-1.09563162685
-1.14582384327
-2.33670542276
B:-1.19451298387

-1.57910944656
-4.09446189304
0.929720148366
-0.774724384092
-4.1838454379
-1.95392369151
4.19857532528
4.1995615135
-0.0852805260268
-0.246335690595
0.348654042121
3.45266642156
2.8525079479
0.0622033715436
2.42970545397
-1.02511299369
0.748426933057
-3.41983155576
-2.13455929767
-4.44226343207
2.53369426259
B:-4.34750775564

-0.388092449974
-1.57561507197
3.46474254408
3.43872876061
1.43915526441
2.55245528649
-1.53708044777
-3.48481488801
4.01254900076
-2.68034798432
-2.49687739791
-4.90618983999
-4.20213031851
-3.45129751918
0.451885654119
3.87241803548
1.02839125745
4.85233855833
-1.74282824979
4.54613087802
-1.51569147469
B:2.3224268964

0.138681018675
-1.82775331396
0.19441888565
0.108044191476
-2.87189758116
2.76712523886
-1.14634575214
4.73852498293
3.61955663269
0.0141153286271
-3.87549237669
1.22009032559
-2.75340697433
-1.10385835297
-3.58648237577
3.08459647121
1.31947773754
0.767071283065
-0.785609224267
-3.92202260762
3.3724062443
B:-4.18727746562

4.1668422893
2.060716717
0.10641926082
-3.08610102057
-2.2362270299
3.74617960629
2.59506823411
-4.02827703417
-0.036997420513
-2.64077025705
2.75524462591
1.55488147117
-3.63461390484
-2.22781876821
3.28971233696
2.18967716333
-1.25059693478
2.1184837384
1.61071572357
2.83913639383
0.717784072107
B:1.8700627141

-0.932937750923
0.500946796891
1.24464327603
4.95802853032
-4.33188224585
-4.06756129837
0.83905513299
0.584260343501
-0.119261067621
-0.559286283933
-2.62271467889
-3.45008549318
-1.41949832648
-2.67518786261
4.0721405369
-3.00704793919
-2.36599060521
1.83899558291
-4.87666384576
1.97724383874
0.657541368607
B:-1.48638126897

0.768719299688
-2.35510687342
2.28483443506
-2.92655704164
-0.66191118428
-4.22002577359
2.3848244491
0.766659496771
-4.28365721312
3.87461034796
1.17545213106
2.98881297738
-3.70084346741
-4.71514938557
4.20629989936
-2.40187381345
-4.78114717168
-3.95639425032
2.95685389129
2.93723922662
0.324157581028
B:2.58352632054

-3.87603290555
-2.2425896672
-0.80212489486
0.890170926753
2.50792467983
-1.10219646789
-2.08954739025
-2.77438927049
4.46351100988
-1.1154849827
-2.09646385453
-0.608878109572
-2.06884104755
-2.24929794028
-1.04495855598
-4.04414398249
4.96370452655
-1.68484710385
-0.938826208715
-2.0067452316
0.166608927918
B:-0.505470643748

0.629274783107
1.45257513055
-2.08080154771
-0.284273517621
1.90094718265
-0.40929146189
0.0377672805882
-0.510161579225
0.313842575551
-3.79336279577
0.40139879396
2.79156618405
1.85499409655
-4.85817732834
3.52915541764
-0.365716528515
-1.00441925633
-1.54866856344
-4.15883675921
4.87931192868
-1.45438724367
B:3.9846037706

-2.87856400797
4.43226154613
1.72730592023
3.77981885575
-4.04875835137
-2.50950797365
-2.05916194504
0.986866054338
-4.05230225504
3.63468415398
-4.89897619082
-1.77612097741
-3.0212031108
4.29689706528
4.5758244429
-2.54830743871
1.16124693144
-0.924667924803
2.74504085349
-4.99891404308
-0.746763818344
B:2.66205695119

-1.70447832222
3.63087937221
4.30243207576
1.3927312383
-4.30964384418
-3.49100923979
-1.33218794641
-4.30618025655
-3.56162161133
0.932027119637
2.15579462695
0.59040070725
-3.95463966001
0.165089306241
3.97378491539
-2.4635799293
-4.18681606687
3.89735529963
3.95391141845
0.289114673005
3.25444690986
B:0.378072656306

0.613539123397
4.50221774016
-4.90838592493
0.410128843494
2.00273329677
-0.035696607461
-0.138446431559
2.70268661157
-2.55047220402
1.73587961755
-0.168168596078
-1.73304351974
-0.593467189224
-4.62334893709
3.3864571088
1.5438745574
4.32750639008
-3.30987404233
-4.59665428781
1.01908649267
0.452974450153
B:3.7890458257


4.73894405483,3.63406550653,-3.24990194651
4.66550219604,3.18225334957,4.4328956107
0.111164075872,3.88687206377,1.8997313468
1.75667749203,-0.378768677402,-2.06821780193
-0.663198492005,2.04510139682,5.24315308983
-1.68559780829,3.18992235084,2.21696133472
1.64500285026,3.21120712658,2.30830994522
B:-3.86600595343

-1.88266382511,-5.00321102319,1.22513072395
-4.65507924727,4.51308938122,-0.544581092347
-0.960396397975,-0.335264020167,-2.39587891324
-1.9114985999,0.0155770631538,-2.60895640239
-2.45246392592,-1.13381499196,2.48680606367
-3.46505587527,4.27189556738,-2.51019774347
2.73563710052,-5.10164454397,-0.0956936950703
B:1.77559981169

1.79915052525,-2.45556100624,0.0168853281578
-3.7079104567,-4.28152508341,3.04104369847
-1.78774495104,3.62221394432,-2.42631822254
1.90584563846,-3.91227412291,-0.798397095303
2.49473789698,0.0758011073659,-2.40680817005
-1.64236883678,0.0174085021496,2.58043574326
-1.20288474345,5.36499202469,1.81974624305
B:-0.17533793873

-0.789752997909,1.76315352634,5.21499186178
4.21629398681,3.67092196905,2.40658056826
3.87031363254,0.29232221957,4.80155663515
-1.20340424436,2.72791597051,-1.71720257305
3.53804766225,-0.641565780567,-1.23826598154
-1.50569739358,1.65435174798,2.55021197923
-1.65088085239,2.42021807206,2.98020379145
B:-3.67368477431

1.81972730572,4.71042530533,4.2896728171
2.55657776191,4.08769062508,4.78926078562
2.19383933081,-0.518418929289,2.46667420265
6.32568269979,1.36067728149,2.61823005076
3.07158085252,5.61706346544,4.87658258318
5.13401702664,3.212514863,2.21618760531
-0.612987149352,4.03148980164,-2.02555295605
B:-9.40793822425

0.166283874142,0.393883469356,3.65833836314
1.31895211602,-3.29326687804,1.69551899544
-0.495064017948,-3.16847412416,-4.26852241706
-6.40523710609,-2.7955804517,-4.05236060733
-0.536987709669,-6.39752277248,0.248006114054
-3.75599024928,-1.20827953029,0.956212697449
-0.898021409515,-7.75954451212,-6.96434825089
B:7.26636791582

1.85234674609,-2.88340824339,-2.2387741204
1.95112078172,2.85596895736,2.83297664889
4.07037135756,1.52937524179,0.107806601975
-1.06072891659,1.63245699077,2.38658653944
-4.81758037523,-2.76011897738,3.74652166966
-2.11284895612,1.01259146351,-1.9477992719
2.96682009905,-1.21158894355,3.53713548866
B:-0.641271265873

-5.81489002489,-4.08461513459,2.54863625514
-3.5946206259,-6.29426999316,-1.7365464462
-8.08360395384,-3.52339812803,0.508336923435
-1.13124798903,-7.67354324824,-0.053117298136
-7.52795319656,-3.85454329166,-0.503626564519
-7.67383733052,-8.01351252228,-8.49109716476
-4.12348084088,-1.38266100753,-6.95231447875
B:19.607216516

-0.964248264745,4.32315718242,-3.83578077401
-0.120470598594,-4.60558940365,3.86402526176
-5.10840568326,1.12057365212,3.56985605012
2.31781035174,1.67334010142,2.30087771916
2.79132548313,3.27801679826,-1.59658319046
-1.35904078595,2.86698309998,-2.56634019042
4.24488538104,-1.35487974039,4.22064365382
B:-1.04742050774

-3.14608267441,4.09332393419,0.323823819005
1.1780914339,-3.47272299261,0.255660999028
3.2144997964,-1.41627640328,1.58277789398
-1.45512353409,-0.765938703219,1.66486449848
-3.07980957046,-0.906091028439,-0.936555982639
-1.43954587615,0.861378286402,-3.28258868689
4.08289924419,3.17108271479,5.26932338888
B:-3.96025370539

-0.28030991507,-4.76584783003,3.36636373006
2.8601831152,5.04478754335,-1.25768650973
1.74547680275,2.00110276164,3.40903295669
6.10584920663,-1.55929816748,2.53486466446
-2.86726724041,-3.36352631741,3.82686018492
0.694018758018,5.74352833562,3.5114990446
-3.10994685302,3.02941513254,4.99446223811
B:-1.48719887364

4.098185626,0.969918689974,-1.25584861916
-1.86087378775,3.53434503799,-3.10031886519
2.14542320179,-1.31101686268,-4.41453462577
0.837370140619,3.61917989117,-1.11236188257
-1.90112365726,1.07394108141,-2.35114866304
-2.68574555644,-1.56698585975,0.908002143962
-1.25573675806,-0.0998263474038,1.38883104496
B:-0.893662964294

0.263089970357,-0.584134222482,4.8758266618
-2.119025581,-2.64562796393,0.00380062407767
0.37229936102,0.925456738311,-2.97984242946
-2.15079423369,1.69946214592,4.62047418173
-4.67923794762,-3.75447335488,0.632352463761
4.67066319366,-4.25796473028,-1.41695445591
-0.515648240443,2.74051954852,-4.91747575935
B:-3.85191293476

2.48452142642,-0.636844860166,1.17708487678
-3.73813562338,-6.02510098007,-0.445762589259
-4.68472906135,1.87991820579,1.06814798783
-0.142375863924,-6.30805903212,-4.39761348364
-5.17660911405,-3.92111025153,-6.73102921689
-3.30912747862,-2.41616711745,-3.08846432543
-3.78042971618,-4.14010829392,-1.99006120262
B:16.7063091468

4.05487011952,-0.595034315471,-1.59062446069
-0.490301493691,-3.41268359942,-2.06108477119
-3.35497614734,-1.56948101084,4.50174129973
-0.166269522117,-2.61419708858,2.64450624513
-2.95471330517,-1.70061252892,-1.47799886028
4.15659480973,4.67761526779,-1.78572157658
-2.45375735205,-3.0155687414,3.09963032809
B:-1.29735910228

3.18276710034,-0.119499464573,1.82456839659
4.77756061153,-1.97226561222,4.7218554953
-0.437097348655,-3.69713282559,-1.82559244126
3.14305175511,0.275151135296,5.33393056588
4.24584275794,2.83765179955,5.08996635931
0.688199962415,-3.52058596198,-2.84766287727
5.45695280483,-2.93665979334,1.25503544788
B:-6.38857844314

4.74992303019,1.58266837094,3.52586695923
-0.336697264826,-3.86335528523,3.55449024278
0.600634125105,4.16533098916,2.88876418982
0.820476874558,-2.94019975761,1.8793517502
-3.29397923174,3.10513077944,2.1398861168
-4.0452854672,-0.979211278944,-1.7195825259
-1.00440002308,1.25106097867,-4.3166527826
B:-3.17525060072

1.96563490237,-3.09195832605,-4.17143169806
-2.2549322418,1.22667841619,3.78882502293
3.26066572354,3.12254188464,-0.29839075624
-2.8847068685,-1.9234098181,-0.78955424672
-1.262936751,1.4141761575,-4.17773924211
0.925607095799,0.646101442144,4.13694659327
-2.06428045304,0.786048354295,-3.62855465691
B:-2.31136231528

4.46853509442,3.22359795018,1.26253387239
-4.39048459498,-2.23810182941,-1.33694406215
1.51254312255,0.417474537514,-4.52495719154
-3.38613577314,-3.94917427295,1.28364177578
0.110013872309,-1.7536362539,0.120908332433
-1.22385636488,3.51793432552,3.92397264605
-3.5064656395,2.45850041183,4.66275294161
B:-2.37873211066

4.72591199374,-1.61207898672,-2.33768071541
2.951157796,2.88720138151,-2.19237992189
2.8173003846,2.91509163368,0.183390713755
0.761276319583,-2.60897311306,2.4712271302
1.02308857605,1.4712669833,4.51987671764
4.43948458071,-3.40151574178,-2.8949383067
3.73634931926,-1.54113405469,-0.792936993685
B:-5.22317951317

3.07005553693,-3.0078147044,-4.24967267948
-4.30327936008,0.471220722385,4.80482820182
2.12499617143,4.02934307902,4.98535398419
-1.21015806502,-1.72612424294,-3.62208315471
3.37516630237,-1.86215287709,1.43640633165
1.85609491077,-1.22765274522,-1.36411357481
0.719807866628,2.40889817897,0.610467828547
B:-4.89166893358


#

1.19488489148
4.32277819644
2.03027853186
-0.318739890111
5.84313519044
0.418447894184
0.680636362681
0.751612711817
1.03692987446
-0.359888117733
-1.06630032792
-1.66230430938
1.674573094
-2.78954829242
3.28564302162
2.27758248203
-2.32121997461
4.91001397809
-3.40724622521
3.54894492045
-2.90544767737
B:0.707100835729

-3.04255707141
-4.09606236457
0.248152414813
2.65276186188
2.70721659273
-4.36155597974
2.67559965523
-4.58498902531
-4.19755065652
-1.64598268307
-2.3522606772
-3.12476735219
2.74986843213
-0.208166166753
1.62011142403
0.268197580125
4.19109871944
4.04019484453
-3.16021581784
-2.85204307029
0.481661321696
B:1.0651548907

2.7840198782
-4.88972418464
0.376885731651
-3.43537996476
3.45504834468
0.0830815858198
-2.10286260238
-3.8956457199
1.9448439683
4.54051875588
4.68448960242
-1.65809791775
2.72306153933
0.210212176506
-0.368957744164
4.82749084804
0.523979586143
-2.27492215148
-1.58869124815
-2.27550562974
-0.357745038604
B:-3.49651862189

1.74863577589
2.03119839292
3.40518326082
-3.85716874051
-1.78623367777
-2.80836139749
-0.733752074269
-0.636764368945
-0.62286961915
5.25959490364
1.28650277913
4.14049645115
1.33555265035
-1.15283881185
-0.990544933609
3.59000837917
3.45689828158
2.52796763779
-2.44140562035
0.67041541935
2.83963870255
B:-0.31285264823

-0.865018854775
-1.27396623121
1.06735983653
4.19853954875
4.48069998029
-1.80187229045
3.12258920655
0.891884261744
-0.12751131607
-0.344750928503
4.48462986836
4.58858786219
-4.59322425146
-5.57114340372
4.94493403218
3.98996363611
0.868777681575
-4.25795609799
0.785095571136
-1.62692658679
-4.7683063652
B:-0.847102017276

-2.54521575861
2.42627711249
-4.97880515471
0.851742300485
3.29361248652
2.21981496144
-1.75411916608
1.74590821817
3.57588458488
4.85383418788
4.31545342012
-2.74808006657
2.07782329373
1.32284009961
-3.61081913807
2.7681749118
-4.03337613416
-1.17211136957
-2.84638778843
3.92885345481
4.90906896555
B:-4.27098913448

0.77635971891
1.87109630327
0.651172072117
0.961453634039
-1.5434202572
3.97554829689
3.90385193086
-3.32227098595
-4.07976619318
1.97737694025
1.79998313697
0.157546715167
3.15146365535
-4.82507614312
1.22835955705
-0.309182972693
-2.91154684282
4.0070661862
3.1644783961
2.63763569821
2.94561136442
B:-1.98068988956

-0.261222724189
-4.98922653711
0.388697154993
0.185636869455
3.57191589772
-3.74906201245
4.00462444059
1.09036148386
-2.76718289243
-0.68338215194
-4.16976468161
-2.10170296801
-3.07166409263
1.94971580159
2.11271672402
3.64063242293
-3.65399907333
0.99736793082
1.46424698942
0.411689802445
-2.87934650133
B:-0.378623352858

1.9790328554
3.25143309599
-2.79460633684
-3.59729359404
-2.99625920969
-4.64124264169
-0.40329225833
-3.51680756194
5.39033067269
-2.03805003081
3.20512937548
-4.57031210099
1.1203101764
-3.99288036131
0.163453121257
-3.68246370032
-1.29744047137
2.94863578933
4.58643918696
-4.21919541899
-1.84923187839
B:3.03649247004

0.768937536144
-4.30451457181
-0.858973077136
2.7535661227
-3.12677639307
3.02706959671
-0.817167504316
-4.68565488051
-0.786763190507
-4.24489350892
-4.62584946214
1.5646074581
-0.583570867747
0.0141139335462
4.83849155764
-1.69869757919
-3.54234679951
0.48029914401
4.73128814031
-2.50163568876
-0.993075775578
B:-3.66234779769

5.54442083286
3.33485047231
3.59284283742
-4.32503232721
2.16762251317
1.50822880141
-0.522859182213
-7.84412553176
-0.118930833663
2.19861300935
-3.23500158094
4.99129136183
1.59851764148
-2.25124381015
-0.520736935772
3.14364621304
-3.55333812639
2.29717859667
-3.13919764068
-0.315847452656
-2.44112543762
B:-0.721333997491

-2.80911943039
-3.19400229218
3.51267786713
2.05260804368
-1.05971576909
-4.62266783668
-4.56963561954
2.46015830163
4.46628000797
1.26893945595
0.634393153758
3.03420620615
3.52470267166
1.48856606867
0.785208049858
-2.50819691308
-1.35164066332
-0.97664646367
4.60152391148
-2.02254131106
3.41177777114
B:1.90818937219

2.10432814906
0.212463291255
3.90541989238
4.14052215664
4.30103490473
-2.14787674345
-0.106770514958
-4.2712637339
-0.80520540127
-1.39578878768
0.517186108651
0.0584494034539
3.22182525037
-0.644726557266
-0.893761198239
-2.50699452074
4.12050725027
1.79564857155
-1.46672592694
2.41006521515
0.974668501727
B:1.97746389418

0.904623594652
3.4678013948
4.47443144153
3.58954944159
-3.53058638853
-1.30765646152
0.937420839009
-2.95853295806
-3.19594131348
3.46851031389
-0.778105410136
-2.97319676365
0.433120978376
2.36351188204
-0.85628542286
2.10673153979
2.94542824711
3.37531957087
3.7570284447
5.16318171985
2.38384271149
B:3.92519333296

-1.79859460776
-3.76461242549
1.28908097631
3.99204576262
-1.15074584092
3.36161474443
2.98748970404
-4.64377001182
1.40376217552
-3.1678288962
-1.68784213076
2.92641043992
0.794729539865
-3.93210303553
4.69196387586
-4.49432509599
-3.29902138673
5.09877691592
-1.18250898509
-0.036666796331
3.72409929802
B:0.0989512665426

1.29826386853
0.550366179686
3.22071364904
3.32923515365
0.546448732894
-4.05375040026
-3.5674723485
-1.95778737589
-0.938941537039
2.84856916446
-4.23302025252
3.6518018744
-3.99760324459
-3.31829531886
-1.04115104127
-4.15387981696
1.94977376691
1.73059367161
-0.925925586623
4.88547416615
5.09896299488
B:1.37618034019

4.14035106028
0.836478323219
-2.80490758823
2.19006792187
-0.135073372777
-1.69350972046
-1.80353879482
1.37665523396
-2.70785027646
-0.348873483822
3.26812620466
0.18820969209
3.59391358153
0.266047233919
-4.57517405249
2.2997961701
-1.0605549532
2.43759466277
-2.57410800947
-1.92697326094
-1.65413346149
B:-3.83642085627

3.52234931402
0.0659780779209
1.62201725765
4.86717485447
1.62410688239
-4.55655867783
-1.56390971283
-0.315930177839
0.876039163851
0.675246080315
-2.70657065705
-4.2088637655
-3.21943024973
-1.87804518925
-3.6445935591
4.11441129908
3.47074272444
-2.2660973535
-1.25229524538
-0.46813129078
-3.86021887502
B:1.74935639564

-2.67353280603
2.17677911654
-3.069391593
-1.16611797916
1.36301686878
-4.37491435629
-3.30489807602
-3.49977308971
2.63393841854
1.4624458084
3.98001873749
-2.02844535587
1.94641759352
-1.23796948611
2.79118724416
-2.5624987533
1.22384699903
-0.5109265292
0.931794444243
3.14920013008
0.904944737823
B:0.525121974565

1.78970758721
2.55073861777
0.705581668851
-2.30658448489
4.94547733384
1.52674293595
1.12752413059
3.51370827687
3.13968405942
-2.77630955865
3.861332569
-2.79720059822
4.55422516553
-4.94536008137
3.57641961611
3.5259762433
3.36771628543
-2.59106752783
0.0812238529032
2.05014923637
-3.03097165831
B:-0.64747488428

-2.45818618216
-0.579037946685
2.16248565584
-4.76360728155
-1.05490934481
1.63016385421
3.70545754213
-5.1448021197
4.98178055077
-1.46262489433
-3.4092221815
-2.84812448872
5.1266172028
-3.93732235733
-1.35108126339
-1.93398091107
-2.84046748503
-3.69639057162
2.83884422803
3.80421182194
-3.9766460008
B:-1.17686622992

1.25036263781
1.77885934628
-3.0158292235
-1.79338541222
3.07028247103
0.216773552297
0.382043376542
-4.36252831752
-3.56440714472
2.35921649071
0.773136521143
-1.94290219071
-3.69219703298
-1.94425782798
2.11505557487
5.03725299944
-3.91466868608
-2.5335540424
-1.37986645342
3.95314896019
3.31319705276
B:-0.454441757331

0.198653993
-2.33040148892
1.97886967481
-2.03257624535
4.57426747936
3.52539781445
1.39058634079
-1.14326096498
1.68301296565
-1.86134232649
4.00832091045
3.65097736626
-1.47155592398
2.93994659416
0.327507835806
2.85550537446
2.96320784606
-3.09208915355
0.00445126796311
-1.8088844901
0.144649478048
B:1.15289242487

4.41149277378
0.681338736099
2.8460066665
2.18921095057
-1.5953564292
-0.0817907539983
3.47672995949
-4.93803971087
2.92415821967
1.13418883766
-3.84682969555
1.87473319632
-1.52108068085
-4.58861532683
-4.55930569463
4.20778262873
3.1555170679
-2.20651247714
1.30637022489
2.49469953197
-3.05638021979
B:2.09155977

-3.28337458111
2.04812301196
0.753607153449
-0.398265635252
4.9212282518
-4.38219311449
-2.26267721999
0.694154854954
-0.368272731459
4.43522390125
-0.206703799684
1.28742234395
-0.953700155808
-0.0357949335803
0.391861180729
3.68098248917
-4.21148320865
2.97198862448
0.768182925283
-4.14341510879
1.04854099385
B:-1.95976260956

-2.37547674154
-2.75878526325
-2.60071941123
1.53933769647
4.98729724029
-3.37965670856
-2.47959944767
3.29341302214
1.66115528962
1.44353580856
-2.69883977051
1.90613962269
-0.314098299903
-1.35618517058
2.98418215788
-1.86856554325
-2.4961998363
-0.894476464351
0.140742076949
4.76893261761
2.58689229956
B:-1.77146125509

4.66670652991
0.621626485539
-4.10463222945
1.9522257506
-0.262602878082
-3.3821035785
1.78957351131
-2.31062243008
-2.51085404004
2.49332961941
-4.55138903809
-2.75325926932
0.889343518072
-0.654523628469
2.15699858636
2.3188259717
1.84548914056
-4.55550631628
4.56981805639
-2.06907063426
-1.87107414029
B:1.32155352943

2.66955743959
-4.85296261997
3.06312225338
1.11531230639
3.65633224892
2.86528427236
1.65538495767
-5.1677069007
-3.09935210225
-4.07894842625
0.671835625675
0.418801086893
-4.03959734011
-0.136211136675
-2.94810364052
-1.89976651601
4.35488482753
-1.97986097105
5.14729778041
-3.37947683952
-1.72151137337
B:0.110202525579

3.94471203254
2.17452990904
0.109441104869
2.94611287547
3.37043945712
0.691572563755
1.52415747788
-3.78104204609
-3.02980696196
2.65911067636
3.62483332003
1.97333515857
2.14478327952
-1.8256586567
3.4429168382
2.34061578534
3.90516070593
-4.28205410888
-3.09904762162
-0.504787085141
-1.0902595254
B:-5.02401380582

0.485294399397
-0.976757811752
-0.732026543982
1.21722875362
-3.760907138
-0.916652287288
-3.77567243109
-4.21415415535
2.15836870658
3.3814400829
-0.183346861179
4.20549394529
0.68165248011
-1.36747422682
0.221098242599
3.49631600379
0.293584596719
-1.41509864979
-0.698737884365
-0.920928286673
-2.0423402719
B:-1.32896972282

-0.662015256879
-4.27799338052
0.913759048776
-0.746472775377
-2.5868046143
-2.79705148335
4.38618654221
1.88417821073
0.633752340901
0.15447944451
0.0233464210233
3.49223985462
3.78808785726
-2.30741499499
2.67348073062
0.0581113407387
1.05810483768
-2.81337942299
-1.516493002
-4.06276374726
2.95561105518
B:-4.53380001789

-0.368357919103
-1.5793823721
3.46467831536
3.4373264731
1.47188462981
2.53625027551
-1.53350363689
-3.52997789876
4.02959544038
-2.67366102163
-2.50542106395
-4.90437261675
-4.18238813694
-3.4991534545
0.456729321121
3.89440109361
1.03324506036
4.86574587079
-1.72871088409
4.55175574938
-1.5086840446
B:2.31869414747

0.842974952318
-1.93576082583
0.109565020729
0.069239869598
-1.75526427639
2.266138454
-0.982924544519
3.17213641012
4.15176511847
0.3855482803
-4.17039183722
1.04456937694
-2.01267599214
-2.77247725956
-3.39481075271
3.83596345105
1.54694120644
1.29660895719
-0.353063300193
-3.60196805571
3.72923990188
B:-4.3426786503

4.31572693447
2.04779196459
0.0985643988041
-3.10348347285
-2.02213790068
3.67097167679
2.6358918067
-4.32723846269
0.0788259538814
-2.56848154562
2.66199027032
1.52600417821
-3.45827254805
-2.56753622819
3.33252474304
2.35491191778
-1.20680174941
2.22794537773
1.71745527106
2.88844149441
0.785771257821
B:1.83713651199

-0.316272893301
0.445508364159
1.14285801608
4.8729062123
-3.46229145284
-4.34251877526
1.0015527665
-0.611159873394
0.338042714659
-0.193798512291
-2.97965552362
-3.70381834767
-0.709743297763
-4.02692268986
4.24821995863
-2.37124134505
-2.18874609728
2.34128982065
-4.49920933342
2.25034146962
0.989684106925
B:-1.63097123274

1.32439356298
-2.39894203309
2.20614963557
-2.99619312613
0.113160720529
-4.46670156416
2.53643859893
-0.304547118789
-3.88117429177
4.1932785227
0.849630880229
2.76460058871
-3.06305429839
-5.93356989328
4.3675405094
-1.82571702777
-4.61791135627
-3.52295559924
3.31083581689
3.16904700043
0.612731760957
B:2.45513469123

-3.29229076775
-2.2852454561
-0.916019795233
0.803849031261
3.30483383656
-1.33699965414
-1.93320860214
-3.8603306553
4.88082257994
-0.752886978745
-2.43575306769
-0.909599815089
-1.40219859643
-3.49372196785
-0.876893507401
-3.46435713721
5.12811232648
-1.20251061533
-0.594108064486
-1.73226088977
0.491667420363
B:-0.64471540404

1.39289870791
1.39309867105
-2.2151743025
-0.396994617916
2.93645405387
-0.686059863025
0.247798138481
-1.9498392039
0.867378998128
-3.31916783858
-0.076196328358
2.43442629248
2.76641348578
-6.5061242592
3.7548929623
0.426891798181
-0.780875517031
-0.914270419631
-3.69259433803
5.21912376794
-1.02885221434
B:3.80171990256

-2.87510490948
4.43161454704
1.7272897922
3.77956997587
-4.0430853469
-2.5123302835
-2.0585750823
0.979042332262
-4.04937316356
3.63586721059
-4.90049099127
-1.77584893116
-3.01768657203
4.28867207599
4.57674779552
-2.54446840346
1.16207730786
-0.922311659354
2.74748686249
-4.99792980827
-0.745519842911
B:2.66140194998

-1.02962990696
3.55414929626
4.23371290614
1.32519194304
-3.30788122488
-3.87113305211
-1.15885259568
-5.70148392878
-3.04723293187
1.28003208884
1.78600267577
0.426710436069
-3.18932845063
-1.38912460155
4.16520542791
-1.73068018893
-3.98657564711
4.41196067792
4.40416946218
0.550395107781
3.58097394631
B:0.227828670805

1.03998512361
4.37350344011
-4.94473488974
0.53096454211
2.80634229198
-0.501869186239
-0.0606976219425
1.35170438984
-2.30504448472
2.04411089614
-0.214998750025
-1.76666250959
-0.167111696999
-5.88218962772
3.50844091844
2.08032501571
4.53654577657
-3.02761263415
-4.35261553317
1.35184282613
0.779303378935
B:3.69113947658

