
-0.924667924803,2.74504085349,-4.99891404308,-0.746763818344,2.66205695119
-1.70447832222,3.63087937221,4.30243207576,1.3927312383,-4.30964384418
B:-3.49100923979

-1.33218794641,-4.30618025655,-3.56162161133,0.932027119637,2.15579462695
0.59040070725,-3.95463966001,0.165089306241,3.97378491539,-2.4635799293
B:-4.18681606687

3.89735529963,3.95391141845,0.289114673005,3.25444690986,0.378072656306
0.613539123397,4.50221774016,-4.90838592493,0.410128843494,2.00273329677
B:-0.035696607461


#

-0.138446431559
2.70268661157
-2.55047220402
B:1.73587961755

-0.168168596078
-1.73304351974
-0.593467189224
B:-4.62334893709

3.3864571088
1.5438745574
4.32750639008
B:-3.30987404233

-4.59665428781
1.01908649267
0.452974450153
B:3.7890458257

